1        23          32          23              27.5
2        43          54          34                44
3        32          34          23              28.5
4        54          44          23              33.5
5        56          45          25                35
6        34          23          12              17.5
7        65          43          34              38.5
8        23          12           2                 7
9        23          45          35                40
10        43          34          23              28.5
11        24          25          13                19
12        33          23          15                19
